MP127 0.293890536 0.318198591 1.648846388 4 0 3 1 2
MP128 0.097868972 0.351304978 0.712838650 3 0 1 2
MP130 0.635324121 0.757039726 1.956297517 4 0 3 1 2
MP131 0.780314565 0.539079309 1.423306346 3 0 1 2
MP133 -0.113487624 0.242728189 1.401803017 3 0 1 2
MP136 0.086635903 -0.101011641 0.995711744 4 0 3 1 2
MP137 0.154987678 -0.126813442 1.323564887 4 0 3 1 2
MP139 0.167078346 -0.044871308 1.066355109 4 0 3 1 2
MP140 0.010535527 -0.184092179 0.822344840 4 0 3 1 2
MP141 0.167301819 -0.253641129 1.646135688 4 0 3 1 2
MP143 -0.137622625 -0.026133763 0.636662304 4 0 3 1 2
MP144 -0.159825489 -0.229312897 0.782800376 4 0 3 1 2
MP147 -0.143153325 -0.115766212 0.441646725 4 0 3 1 2
MP148 -0.029384604 -0.029276824 0.640125871 4 0 3 1 2
MP151 -0.206172422 -0.044527620 0.444362193 4 0 3 1 2
MP152 -0.075873382 -0.209525779 0.698987007 4 0 3 1 2
MP155 0.033242617 0.234435216 0.644514441 4 0 3 1 2
MP156 0.185643166 0.290311396 0.595358253 4 0 3 1 2
MP157 0.644430280 0.269806951 1.352500439 4 0 3 1 2
MP158 0.036749292 0.020594394 0.667494774 4 0 3 1 2
MP159 0.211694613 0.334453672 1.450978279 4 0 3 1 2
MP160 0.172182307 0.370282263 1.396568656 4 0 3 1 2
MP162 0.015982684 0.191770434 0.797467172 4 0 3 1 2
MP163 0.076644965 0.413596362 1.812274933 4 0 3 1 2
MP165 0.426608115 0.522829950 1.142663002 3 0 1 2
MP166 0.244762838 0.451633990 0.790152192 4 0 3 1 2
MP168 0.299946010 0.659940124 1.908425927 4 0 3 1 2
MP170 0.333745480 0.362319082 0.722987056 4 0 3 1 2
MP172 0.237877876 0.279395819 0.501439393 4 0 3 1 2
MP175 -0.428361475 0.039568480 1.117359996 4 0 3 1 2
MP177 -0.146447495 -0.256548554 0.818369567 4 0 3 1 2
MP178 -0.068243407 -0.234984577 0.826885998 3 0 1 2
MP184 0.105103552 0.346962839 0.608211100 3 0 1 2
MP185 0.711864710 0.268162966 1.563417912 4 0 3 1 2
MP187 0.023091353 0.271430761 0.668927252 4 0 3 1 2
MP188 0.169559628 0.363106370 0.843408406 3 0 1 2
MP190 0.575473607 0.253874958 0.658655822 4 0 3 1 2
MP192 -0.051129524 0.316918761 1.344271898 3 0 1 2
MP193 -0.278219461 0.741885304 1.362129927 3 0 1 2
MP195 0.075607434 -0.089401290 0.912104547 4 0 3 1 2
MP197 -0.254463345 -0.153003335 0.665735066 4 0 3 1 2
MP198 -0.225127921 -0.212201431 0.747141421 4 0 3 1 2
MP200 -0.141858354 -0.030730417 0.655894220 4 0 3 1 2
MP201 -0.218457609 -0.015331541 0.739685893 4 0 3 1 2
MP205 -0.150750458 -0.060722634 0.601637721 4 0 3 1 2
MP206 -0.008990858 -0.003831639 0.735203624 4 0 3 1 2
MP208 -0.337903410 -0.023468193 0.759181201 4 0 3 1 2
MP209 1.322379708 0.014703528 1.490421057 4 0 3 1 2
MP210 0.013075637 -0.206286475 0.915817499 4 0 3 1 2
MP211 0.082114324 -0.144278839 1.005626798 4 0 3 1 2
MP212 0.422949523 -0.218049765 1.257601976 4 0 3 1 2
MP213 0.162678182 -0.055463545 1.544568062 4 0 3 1 2
MP179 -0.291255742 -0.152587712 0.687018096 4 0 3 1 2
MP181 0.028400214 0.033440277 0.807226539 4 0 3 1 2
MP182 -0.374988079 -0.138898730 0.816036224 4 0 3 1 2
MP183 1.234367728 -0.394647777 1.485881925 4 0 3 1 2
MP216 -0.112280734 0.008097865 0.473275304 3 0 1 2
MP219 -0.670758367 0.501260519 2.074745417 4 0 3 1 2
MP221 0.330357730 0.340837598 0.586869299 4 0 3 1 2
MP224 0.218564928 0.365215927 0.811160803 4 0 3 1 2
MP226 0.003533422 0.023686323 0.576994359 4 0 3 1 2
MP228 0.061102964 0.262247086 1.352855325 4 0 3 1 2
MP229 0.004087362 0.134462237 0.635715961 4 0 3 1 2
MP230 0.043597676 0.285025239 1.385975242 4 0 3 1 2
MP231 0.174710974 0.375682145 1.416166186 4 0 3 1 2
MP232 0.156393230 0.306572109 0.532680988 4 0 3 1 2
MP234 0.256678402 0.285840154 0.639308631 4 0 3 1 2
MP235 0.482849956 0.523462117 1.142989039 4 0 3 1 2
MP236 0.172457352 0.296447992 0.828495741 3 0 1 2
MP237 0.141260043 0.281946510 0.744595170 3 0 1 2
MP238 0.116081029 0.270334333 0.805100083 4 0 3 1 2
MP240 -0.487509608 0.161784813 0.758771360 3 0 1 2
MP241 -0.467740029 0.305104524 1.100638628 4 0 3 1 2
MP243 -0.153245375 -0.257163465 0.818706691 4 0 3 1 2
MP244 -0.072836675 -0.062140200 0.674440026 4 0 3 1 2
MP245 -0.043782953 -0.051213782 0.638341784 4 0 3 1 2
MP247 -0.293012887 -0.204730913 0.846388638 4 0 3 1 2
MP250 0.262517959 0.203805745 1.298073530 3 0 1 2
MP251 0.667045474 0.283497036 1.401296735 4 0 3 1 2
MP252 0.597339749 0.363964111 1.128969073 4 0 3 1 2
MP253 0.505512714 0.131031066 0.860847652 4 0 3 1 2
MP254 0.756190717 0.414689422 1.050496936 4 0 3 1 2
MP255 -0.080216102 0.499118656 0.877327025 3 0 1 2
MP258 0.596368372 -0.309323281 1.716670156 4 0 3 1 2
MP261 -0.335578471 -0.093745790 0.707849681 4 0 3 1 2
MP263 -0.296027988 -0.089250639 0.671404123 4 0 3 1 2
MP264 -0.218884721 -0.133639991 0.582912445 4 0 3 1 2
MP270 0.049485166 -0.009969948 0.975186110 4 0 3 1 2
MP272 0.114024542 -0.132057086 1.221631169 4 0 3 1 2
MP275 -0.295174181 0.782462299 1.435180068 3 0 1 2
MP276 -0.277683884 0.091381550 0.775903165 4 0 3 1 2
MP277 -0.363973260 0.063383631 1.004809022 4 0 3 1 2
MP278 -0.291273743 0.261937916 1.739569783 4 0 3 1 2
MP279 -0.320998877 0.228722855 0.886299670 3 0 3 1
MP282 0.325925320 0.368560076 0.658844233 4 0 3 1 2
MP283 0.055635039 0.344671935 0.811879575 3 0 1 2
MP284 0.071571074 0.310375243 0.673435628 3 0 1 2
MP285 0.131518856 0.261747777 0.733239233 3 0 1 2
MP286 0.045839675 0.260770589 0.711479068 4 0 3 1 2
MP287 0.221374184 0.350045323 0.795791626 3 0 1 2
MP288 0.203114972 0.274318159 0.607467532 4 0 3 1 2
MP293 0.029233731 0.034348976 0.769295633 4 0 3 1 2
MP295 0.006691355 0.179661185 0.730528057 4 0 3 1 2
MP296 0.254445314 0.281242967 1.494175434 4 0 3 1 2
MP297 0.212500662 0.341757476 1.446356297 4 0 3 1 2
MP298 0.046128660 0.152839765 0.886383176 4 0 3 1 2
MP299 0.039172236 0.177881584 0.917957723 4 0 3 1 2
MP300 0.207888097 0.379252791 1.411955357 4 0 3 1 2
MP301 0.029533243 0.021251069 0.947535157 3 0 1 2
MP302 0.046365753 0.098344043 0.927859306 4 0 3 1 2
MP303 0.262044430 0.353190213 0.665375590 4 0 3 1 2
MP304 0.170362309 0.325097769 0.539234877 4 0 3 1 2
MP306 0.027419889 0.229370475 0.688914299 4 0 3 1 2
MP307 0.074224159 0.203455582 0.586226940 4 0 3 1 2
MP308 0.021268077 0.332270950 0.826077998 3 0 1 2
MP312 -0.114370272 0.241859406 1.401832581 3 0 1 2
MP313 -0.300929815 0.225320399 1.977184415 4 0 3 1 2
MP314 -0.278404444 0.013982140 0.761118710 4 0 3 1 2
MP315 -0.377511948 0.036125846 0.971383810 4 0 3 1 2
MP317 -0.380384117 0.522632062 1.040866137 3 0 1 2
MP319 0.056347836 -0.018219765 0.791069031 4 0 3 1 2
MP320 0.154319063 -0.038353547 0.952272356 4 0 3 1 2
MP322 -0.312902004 -0.018408924 0.700123370 4 0 3 1 2
MP323 -0.439109743 -0.005834407 1.034619808 3 0 1 2
MP324 -0.107011370 -0.240474999 0.803744137 4 0 3 1 2
MP326 -0.155617684 -0.220837280 0.750903487 4 0 3 1 2
MP327 -0.081186958 -0.222161040 0.742785513 4 0 3 1 2
MP328 -0.066054031 -0.200927645 0.711990118 4 0 3 1 2
MP329 -0.117249340 -0.130284876 0.427435637 4 0 3 1 2
MP330 -0.365996659 -0.166696817 0.845381320 4 0 3 1 2
MP331 -0.539352834 -0.210313842 1.227444172 4 0 3 1 2
MP332 -0.287082493 -0.149336830 0.676525235 4 0 3 1 2
MP333 -0.240298241 -0.142170638 0.602401078 4 0 3 1 2
MP334 -0.321457773 -0.303462356 1.060278296 4 0 3 1 2
MP335 -0.206467688 -0.205663741 0.719973862 4 0 3 1 2
MP336 -0.290262938 -0.355335206 1.188421845 4 0 3 1 2
MP337 -0.143711165 -0.221476167 0.702671826 4 0 3 1 2
MP338 -0.182485789 -0.266774058 0.891047239 4 0 3 1 2
MP339 -0.526627004 -0.086373001 1.181201696 3 0 1 2
MP341 0.098438464 -0.019800529 1.015753031 4 0 3 1 2
MP346 0.565704882 0.205591485 1.439010143 4 0 3 1 2
MP347 0.818506360 0.302713186 1.795374274 4 0 3 1 2
MP348 0.625331163 0.264133960 1.323469400 4 0 3 1 2
MP349 0.179011777 0.439904839 0.753984690 3 0 1 2
MP350 0.310100049 0.319541037 0.501922548 3 0 1 2
MP351 0.984223306 0.432620078 1.126965761 4 0 3 1 2
MP353 0.018021097 -0.186656177 0.852176309 4 0 3 1 2
MP357 -0.236063182 -0.138029039 0.592541337 4 0 3 1 2
MP359 -0.213081717 -0.272476256 0.939796209 4 0 3 1 2
MP360 -0.135225341 -0.033241317 0.562661469 4 0 3 1 2
MP361 -0.026485279 -0.032243684 0.663780570 4 0 3 1 2
MP362 -0.231662914 -0.055976622 0.476944000 4 0 3 1 2
MP364 0.170546904 -0.101335086 1.372555256 4 0 3 1 2
MP369 0.169251010 -0.102016352 0.293170571 3 0 1 2
MP372 -0.002155721 0.147820681 0.775266051 4 0 3 1 2
MP374 0.286048859 0.303101391 0.487681895 4 0 3 1 2
MP375 0.285916686 0.375163078 0.559484661 3 0 1 2
MP377 0.792289615 0.568257511 0.866627872 4 0 3 1 2
MP379 0.270187825 0.316066146 0.845767975 4 0 3 1 2
MP380 0.203676865 0.286025405 0.712145686 4 0 3 1 2
MP382 0.058025755 0.143263981 1.046324730 3 0 1 2
MP383 0.315011114 0.311435461 1.718101382 4 0 3 1 2
MP384 0.097470641 0.224501476 0.923834682 4 0 3 1 2
MP386 0.050881878 0.338926166 1.339591622 4 0 3 1 2
MP387 0.040784508 0.007974475 0.758426368 4 0 3 1 2
MP388 1.150563121 0.691334248 2.151668072 4 0 3 1 2
MP389 0.459868520 0.118759289 0.773089349 3 0 1 2
MP390 0.228104815 0.367659986 0.648295820 4 0 3 1 2
MP391 0.178522274 0.404743850 0.714503765 3 0 1 2
MP394 0.239787444 0.334094793 0.637613535 4 0 3 1 2
MP397 0.165394530 0.456955910 0.744079828 3 0 1 2
MP399 0.242716059 0.317728370 0.701504827 4 0 3 1 2
MP400 0.340944260 0.341955841 0.726516366 4 0 3 1 2
MP401 0.215286270 0.272208601 0.590138495 4 0 3 1 2
MP403 0.276356101 0.258783281 0.477647454 4 0 3 1 2
MP404 0.269493610 0.269301832 0.506505668 4 0 3 1 2
MP405 0.390571713 0.409557641 0.797707558 4 0 3 1 2
MP407 -0.429432571 0.069448248 1.175712109 4 0 3 1 2
MP408 -0.334575236 0.068278477 0.950455189 4 0 3 1 2
MP409 -0.349623501 0.032229368 0.899585843 4 0 3 1 2
MP411 0.454439938 -0.235439584 0.660439610 3 0 1 2
MP414 0.067060545 -0.061195355 0.721818984 4 0 3 1 2
MP415 0.067189887 -0.017374376 0.831789851 4 0 3 1 2
MP416 0.014652921 -0.004480482 0.523142636 4 0 3 1 2
MP417 0.033484966 -0.010716970 0.706356764 4 0 3 1 2
MP418 0.275321424 -0.067031428 0.496981293 3 0 1 2
MP425 -0.088073216 -0.030988753 0.599565327 4 0 3 1 2
MP426 -0.165842846 -0.039643709 0.804771781 4 0 3 1 2
MP427 -0.001626985 -0.003590044 0.727341175 4 0 3 1 2
MP428 -0.055494275 -0.043953717 0.689338088 4 0 3 1 2
MP430 -0.333871782 -0.074817121 0.732803464 4 0 3 1 2
MP431 -0.299375743 -0.104347058 0.680159986 4 0 3 1 2
MP434 -0.200751558 -0.010162104 0.555513203 4 0 3 1 2
MP435 -0.329449981 -0.022284275 0.744598925 4 0 3 1 2
MP436 -0.381533176 -0.011766224 0.896967649 4 0 3 1 2
MP437 -0.150857314 -0.309435546 1.021772981 3 0 1 2
MP438 -0.099752605 -0.230026767 0.772302032 4 0 3 1 2
MP439 -0.069111936 -0.204048127 0.717774689 4 0 3 1 2
MP440 -0.037948642 -0.185062140 0.687739491 4 0 3 1 2
MP443 -0.196599096 -0.218686223 0.744489372 4 0 3 1 2
MP444 -0.358447313 -0.161077231 0.823644817 4 0 3 1 2
MP447 -0.205787122 -0.208024025 0.717699587 4 0 3 1 2
MP448 -0.318059057 -0.234724447 0.917272508 4 0 3 1 2
MP450 -0.203156188 -0.009680504 0.639294624 3 0 1 2
MP451 -0.338472992 -0.089130402 0.731768250 4 0 3 1 2
MP452 -0.374383569 -0.095326811 0.872342944 4 0 3 1 2
MP456 -0.340816915 0.159942836 0.893171549 3 0 1 2
MP457 0.791199982 0.429938644 1.134662271 4 0 3 1 2
MP458 0.526780963 0.566751420 1.188926220 3 0 1 2
MP459 0.227848321 0.326560825 0.731541574 4 0 3 1 2
MP460 0.195347577 0.245565519 0.576782942 4 0 3 1 2
MP461 0.199553281 0.277398527 0.661907554 4 0 3 1 2
MP463 0.231375515 0.319684952 0.591718137 4 0 3 1 2
MP464 0.218412772 0.340120822 1.447582006 4 0 3 1 2
MP465 0.197633103 0.356246263 1.434459925 4 0 3 1 2
MP466 -0.091981076 -0.251738369 0.848540306 4 0 3 1 2
MP467 -0.097616404 -0.280238509 0.934907258 4 0 3 1 2
MP468 1.047807336 0.217129022 1.374997497 4 0 3 1 2
MP470 0.696763277 -0.359428585 1.961207986 4 0 3 1 2
MP473 -0.123274572 -0.628310263 0.968742907 3 0 1 2
MP474 -0.128170058 -0.029580997 0.540106773 3 0 1 2
MP475 -0.174166769 -0.007397520 0.482667953 4 0 3 1 2
MP476 -0.099393383 -0.013282550 1.258156419 3 0 1 2
MP477 -0.123864800 -0.019497139 0.553317904 4 0 3 1 2
MP478 -0.103894733 -0.082316279 0.615128100 4 0 3 1 2
MP479 0.493789107 -0.141457483 0.621845126 4 0 3 1 2
MP481 0.230188504 -0.091489755 0.301059097 3 0 1 2
MP484 0.273544163 -0.071580283 1.517191410 4 0 3 1 2
MP485 0.082762375 -0.140230909 1.006220102 4 0 3 1 2
MP486 -0.030765325 0.350158632 0.692003787 3 0 1 2
MP488 -0.186058640 0.432884783 0.625492692 4 0 3 1 2
MP489 -0.075266264 0.322595447 0.546909034 4 0 3 1 2
MP490 -0.536750078 0.265097708 1.267976046 3 0 1 2
MP492 -0.138197675 0.313264757 1.239751577 3 0 1 2
MP493 -0.614104569 0.192680612 0.922072530 4 0 3 1 2
MP495 0.702182412 0.417626381 1.002139688 4 0 3 1 2
MP496 0.533860862 0.229812890 0.602046967 4 0 3 1 2
MP501 0.048236955 0.248327315 0.659748256 4 0 3 1 2
MP502 0.189590141 0.271044850 0.669283390 4 0 3 1 2
MP503 0.129385576 0.411251694 0.712999940 3 0 1 2
MP504 0.616574705 0.157520130 1.042998552 4 0 3 1 2
MP506 0.510192215 0.190898210 1.310181260 4 0 3 1 2
MP507 0.602951646 0.234136671 1.345211029 4 0 3 1 2
MP508 0.012649997 0.207177624 0.839323521 4 0 3 1 2
MP509 0.182914048 0.299060255 1.272688746 4 0 3 1 2
MP510 0.034976918 0.034897894 0.780296743 4 0 3 1 2
MP511 0.009146062 0.043813828 0.622325540 4 0 3 1 2
MP512 0.025077991 0.048980866 0.728467166 4 0 3 1 2
MP513 0.089655839 0.000306005 1.020945430 4 0 3 1 2
MP514 0.048409376 0.012408854 0.952996969 4 0 3 1 2
MP515 0.553406119 0.361114055 1.093155026 4 0 3 1 2
MP517 0.553047597 0.366681874 1.081244230 4 0 3 1 2
MP518 0.672587991 0.433683306 1.235877514 4 0 3 1 2
MP520 0.249362528 0.423260719 0.719936132 4 0 3 1 2
MP523 0.256304592 0.355545491 0.651218057 4 0 3 1 2
MP526 0.223223716 0.279883653 0.690337002 4 0 3 1 2
MP528 0.239889160 0.279834658 0.668303192 4 0 3 1 2
MP529 0.260064006 0.375179976 0.838650048 4 0 3 1 2
MP530 0.207673937 0.330772072 0.692500949 3 0 1 2
MP531 0.298223346 0.301477253 0.639384568 4 0 3 1 2
MP532 0.017851396 0.251219720 0.629392445 4 0 3 1 2
MP533 0.851046920 0.646371424 0.983905792 4 0 3 1 2
MP535 0.318421394 0.318169653 0.577503800 4 0 3 1 2
MP537 0.402397037 0.384431183 0.589764893 4 0 3 1 2
MP540 0.761706889 0.381030530 0.946778417 4 0 3 1 2
MP542 -0.374933332 0.240674481 0.986371934 3 0 1 2
MP544 -0.362213403 0.062401764 0.992532194 4 0 3 1 2
MP547 -0.115704261 0.503663182 0.881035030 3 0 1 2
MP549 -0.071889587 0.512896657 0.898241520 3 0 1 2
MP551 -0.272777289 0.376697719 0.667318642 3 0 1 2
MP553 0.552865028 -0.165691420 1.359455824 4 0 3 1 2
MP554 0.109428369 -0.129399836 1.166770220 4 0 3 1 2
MP556 0.119674787 -0.105650999 1.133901715 4 0 3 1 2
MP557 0.089444272 -0.001910490 1.017381191 4 0 3 1 2
MP558 0.044907097 -0.016739206 0.878653109 4 0 3 1 2
MP559 0.166296840 -0.101103820 1.379224539 4 0 3 1 2
MP560 0.617120206 -0.285385609 0.830001593 3 0 1 2
MP564 -0.072448589 -0.084915385 0.797267556 4 0 3 1 2
MP565 -0.066007063 -0.052084476 0.581040740 4 0 3 1 2
MP567 -0.072504386 -0.008959816 0.548304915 4 0 3 1 2
MP568 -0.077392846 -0.031992838 0.620968878 3 0 1 2
MP569 -0.062947720 -0.032090157 0.606018901 3 0 1 2
MP571 -0.485005736 -0.156767488 1.054722667 4 0 3 1 2
MP572 -0.319418550 -0.098161258 0.727164090 4 0 3 1 2
MP577 -0.118560866 -0.226067767 0.755510569 4 0 3 1 2
MP579 -0.158117995 -0.221906364 0.685260653 4 0 3 1 2
MP581 -0.076567009 -0.211493969 0.747014403 4 0 3 1 2
MP582 -0.238535360 -0.237665191 0.821555853 4 0 3 1 2
MP583 -0.140024900 -0.151799619 0.563106477 4 0 3 1 2
MP584 -0.198462695 -0.163547337 0.609530866 4 0 3 1 2
MP585 -0.232464388 -0.249714926 0.823958218 4 0 3 1 2
MP586 -0.139592171 -0.168877125 0.542159617 4 0 3 1 2
MP588 -0.296534240 -0.109882765 0.633465052 4 0 3 1 2
MP589 -0.336736709 -0.133828014 0.781185210 4 0 3 1 2
MP590 -0.236926809 -0.145270154 0.646613598 4 0 3 1 2
MP593 -0.213513389 -0.103428796 0.485460460 4 0 3 1 2
MP594 -0.258903742 -0.147950411 0.652489901 4 0 3 1 2
MP595 -0.248765290 -0.134109631 0.634159267 4 0 3 1 2
MP598 -0.163315162 -0.179570347 0.627645791 4 0 3 1 2
MP601 -0.167173728 -0.275389463 0.897776425 4 0 3 1 2
MP602 -0.130393595 -0.175466284 0.596187532 4 0 3 1 2
MP604 -0.242698163 -0.025690900 0.708225012 4 0 3 1 2
MP605 -0.341371775 -0.053911991 0.763899744 4 0 3 1 2
MP606 -0.295448661 -0.026956355 0.664225638 4 0 3 1 2
MP607 -0.294843644 -0.065108903 0.646863818 4 0 3 1 2
MP615 -0.001230042 -0.205788106 0.833593190 4 0 3 1 2
MP616 0.005286713 -0.156686381 0.658954740 4 0 3 1 2
MP619 -0.044684980 0.293939650 0.491976619 4 0 3 1 2
MP622 -0.260318667 0.028535658 0.720386505 4 0 3 1 2
MP626 0.320288241 0.271370918 0.529362202 4 0 3 1 2
MP627 0.310063094 0.275795937 0.537607193 4 0 3 1 2
MP629 0.737477779 0.408888310 1.053898215 4 0 3 1 2
MP630 0.284666002 0.296127886 0.462858468 3 0 1 2
MP631 0.316536754 0.309208691 0.553720653 4 0 3 1 2
MP632 0.207404092 0.362878531 0.965638816 4 0 3 1 2
MP633 0.029943720 0.254562229 0.724261045 4 0 3 1 2
MP634 0.228417739 0.301490724 0.659310222 3 0 1 2
MP635 0.257048368 0.439794362 0.660013199 4 0 3 1 2
MP640 1.056247592 0.104044400 1.088910580 4 0 3 1 2
MP643 0.011456135 0.193133727 0.680772603 4 0 3 1 2
MP645 0.612376928 0.264752895 1.293282032 4 0 3 1 2
MP646 0.171978399 0.325845629 1.299893379 4 0 3 1 2
MP648 0.282349348 0.266208857 0.490036041 3 0 1 2
MP652 0.039540242 0.023214545 0.086890429 3 0 1 2
MP653 -0.089800149 0.103149414 0.143178061 4 0 3 1 2
MP657 -0.016824823 -0.223412737 1.016168237 3 0 1 2
MP659 -0.306952089 -0.080776714 0.729775310 4 0 3 1 2
MP664 0.672157705 -0.193299383 0.840267539 4 0 3 1 2
MP672 -0.122055858 0.410610408 0.948873639 3 0 1 2
MP673 -0.006684761 0.379917383 0.550227165 3 0 1 2
MP674 -0.276899844 -0.002132024 0.639008880 4 0 3 1 2
MP679 0.396433055 0.060666621 0.487744123 3 0 1 2
MP680 0.441806823 0.084530436 0.552520216 3 0 1 2
MP681 0.561904311 0.204104930 1.442192912 4 0 3 1 2
MP682 0.610251665 0.237148300 1.361277580 4 0 3 1 2
MP683 0.267501593 0.273009270 1.495729208 4 0 3 1 2
MP684 -0.236885905 -0.081505127 0.505698383 3 0 1 2
MP685 0.227576777 0.381609142 0.660923064 3 0 1 2
MP686 0.056273043 0.024543818 0.806961834 4 0 3 1 2
MP687 0.005931119 0.011062079 0.705782294 4 0 3 1 2
MP689 0.035776127 0.097775415 0.968431234 4 0 3 1 2
MP690 0.080202393 0.165013433 1.469782829 3 0 1 2
MP691 -0.193287060 -0.191812962 0.705671370 4 0 3 1 2
MP695 0.073105954 -0.015249792 0.826140761 4 0 3 1 2
MP697 -0.264226228 -0.031663768 0.628737092 3 0 1 2
MP698 0.295062482 0.296233475 0.627270103 4 0 3 1 2
MP699 -0.246857509 -0.171658039 0.719503164 4 0 3 1 2
MP700 -0.287413180 -0.105724849 0.608023703 4 0 3 1 2
MP702 0.320104063 0.328401446 0.567239225 3 0 1 2
MP703 0.656720221 0.283731014 1.383473516 4 0 3 1 2
MP707 0.055809639 0.204976901 0.548301339 4 0 3 1 2
MP709 -0.005320952 -0.223369002 0.846822441 4 0 3 1 2
MP710 -0.052616581 0.447018087 0.658319652 3 0 1 2
MP713 -0.173043177 0.415005833 0.583813429 4 0 3 1 2
MP714 -0.218252599 -0.012816934 0.690303504 4 0 3 1 2
MP715 -0.316779286 0.032727048 0.814050734 4 0 3 1 2
MP716 -0.340971738 -0.009829228 0.803788722 4 0 3 1 2
MP717 1.085251927 0.113649681 1.109185100 4 0 3 1 2
MP718 0.889707923 0.121029899 0.918713152 3 0 1 2
MP719 1.016327262 0.066777758 1.054387093 4 0 3 1 2
MP731 0.075222217 -0.035605963 0.811117113 4 0 3 1 2
MP732 0.040730432 -0.012070022 0.813695252 4 0 3 1 2
MP733 0.018646164 -0.185619533 0.849004328 4 0 3 1 2
MP734 -0.000548374 0.141289055 0.767254233 4 0 3 1 2
MP735 0.021475434 0.123123780 0.899269104 3 0 1 2
MP736 0.045452170 0.121711016 0.864898443 4 0 3 1 2
MP737 0.014395669 0.144049942 0.909237325 3 0 1 2
MP738 -0.371207923 0.452491850 1.794314265 3 0 1 2
MP739 -0.193120569 -0.233322680 0.760530829 4 0 3 1 2
MP740 -0.147113964 -0.053790018 0.569104254 4 0 3 1 2
MP741 -0.246177569 -0.120390572 0.617916465 4 0 3 1 2
MP742 -0.226867676 -0.121466957 0.586343110 4 0 3 1 2
MP743 -0.308471650 -0.132895350 0.745259106 4 0 3 1 2
MP744 -0.407142520 -0.027546229 1.003370881 3 0 3 2
MP746 -0.044007488 0.028668044 0.055319205 3 0 3 1
MP747 0.832888663 0.090402260 0.882325590 3 0 1 2
MP749 0.538601041 0.077793188 0.651880205 3 0 1 2
MP755 0.270400912 0.297260374 0.545451462 3 0 1 2
MP758 0.290968865 0.300635695 0.569926381 4 0 3 1 2
MP760 0.197665885 0.336625934 0.650211930 3 0 1 2
MP762 0.201918587 0.330940634 0.728944659 3 0 1 2
MP763 0.204752371 0.325184435 0.678910315 4 0 3 1 2
MP764 0.157512158 0.433693022 0.675634921 4 0 3 1 2
MP766 0.074983165 0.324755102 0.681612730 3 0 1 2
MP767 0.034216661 0.270806044 0.772046447 3 0 1 2
MP768 -0.036782466 0.549070358 0.840273857 3 0 1 2
MP771 -0.027401257 0.000825666 0.322309375 4 0 3 1 2
MP776 0.046623275 0.020421373 1.114208817 3 0 1 2
MP777 0.017263457 0.063653484 0.714366496 4 0 3 1 2
MP778 -0.084916897 -0.197682515 0.672297120 4 0 3 1 2
MP779 -0.607307553 -0.228654489 1.411309600 4 0 3 1 2
MP780 0.688920796 0.291318297 0.762808919 4 0 3 1 2
MP781 0.845800459 0.620126545 0.960096180 4 0 3 1 2
MP782 0.881522715 0.653193951 0.987152576 4 0 3 1 2
MP783 0.901714742 0.387690336 1.020622730 4 0 3 1 2
MP784 0.627806485 0.286375225 0.732138455 4 0 3 1 2
MP786 0.861922979 0.721682012 1.031092763 4 0 3 1 2
MP790 0.644690514 0.258270204 1.360517621 4 0 3 1 2
MP791 0.460039645 0.202514619 0.997508943 4 0 3 1 2
MP792 0.652910352 0.271866024 1.390738487 4 0 3 1 2
MP793 0.549830973 -0.284899503 1.544504404 3 0 1 2
MP794 0.464134812 -0.237987086 1.336483240 3 0 1 2
MP795 0.078532808 -0.032577071 0.912025273 4 0 3 1 2
MP797 -0.074985333 0.227105305 1.169892311 3 0 1 2
MP798 -0.216738075 -0.269374311 0.913552701 4 0 3 1 2
MP800 -0.337491184 0.221482292 1.421217680 3 0 1 2
MP801 -0.198269919 -0.220998853 0.757873952 4 0 3 1 2
MP802 -0.188207343 -0.228761986 0.769205987 4 0 3 1 2
MP804 -0.195909888 0.456976831 0.657426178 3 0 1 2
MP805 -0.173544005 0.430578947 0.615893722 4 0 3 1 2
MP806 -0.260880023 -0.181232482 0.725491643 4 0 3 1 2
MP812 0.998769939 0.092789270 1.024640441 3 0 1 2
MP815 0.918123543 0.646210015 0.983284473 4 0 3 1 2
MP816 0.431914389 0.389668494 0.609584033 4 0 3 1 2
MP822 0.207302049 0.279662311 0.711881280 4 0 3 1 2
MP823 0.216957673 0.300374508 0.724380791 4 0 3 1 2
MP824 0.206918955 0.396623611 1.675450563 4 0 3 1 2
MP825 0.069673553 0.000828688 0.807263613 4 0 3 1 2
MP827 0.037857514 -0.043844964 0.594617367 4 0 3 1 2
MP828 0.069940470 -0.118352830 0.878380537 4 0 3 1 2
MP829 0.059146982 -0.020249959 1.053031921 4 0 3 1 2
MP834 0.009317811 0.183455050 0.695653498 4 0 3 1 2
MP835 0.012012433 0.049843505 0.725095391 4 0 3 1 2
MP836 0.016565172 0.050595194 0.652825892 4 0 3 1 2
MP840 -0.064888023 -0.048704285 0.759163380 4 0 3 1 2
MP841 -0.117297612 -0.319084495 1.084187865 4 0 3 1 2
MP842 -0.072137639 -0.199939758 0.705718338 4 0 3 1 2
MP844 -0.077454954 -0.011725762 0.545233488 4 0 3 1 2
MP845 -0.076213203 -0.031760406 0.591753006 3 0 1 2
MP848 -0.163237900 0.378960788 1.228229046 3 0 1 2
MP851 -0.244962662 0.326889634 1.359993696 3 0 1 2
MP853 -0.251927435 -0.235242113 0.788572013 4 0 3 1 2
MP854 -0.202692136 -0.169059783 0.627665460 4 0 3 1 2
MP855 -0.498321772 0.334297717 1.497816443 4 0 3 1 2
MP856 -0.635889947 0.408296973 1.686052322 3 0 1 2
MP857 -0.332883686 -0.178000242 0.796569943 4 0 3 1 2
MP858 -0.300778389 -0.033970356 0.676576078 4 0 3 1 2
MP861 -0.350439876 -0.107827730 0.791020691 4 0 3 1 2
MP862 -0.285174638 -0.148211539 0.670867205 4 0 3 1 2
MP863 -0.213513911 -0.040330604 0.491614640 4 0 3 1 2
MP865 -0.340989113 -0.075543836 0.702334166 4 0 3 1 2
MP867 -0.381926924 -0.111332871 0.818928301 4 0 3 1 2
MP868 0.050292816 0.012679822 0.966982722 4 0 3 1 2
MP869 0.033804059 0.014537272 0.773896515 4 0 3 1 2
MP870 0.047099322 0.013978752 0.937069774 4 0 3 1 2
MP871 -0.283263355 -0.111193441 0.650524437 4 0 3 1 2
MP875 0.813113689 0.686286271 0.999893010 4 0 3 1 2
MP878 0.043470733 0.037390701 0.834928155 4 0 3 1 2
MP879 -0.036790628 -0.178488374 0.666677952 4 0 3 1 2
MP880 -0.099109054 -0.208010942 0.710529208 4 0 3 1 2
MP882 -0.128343418 -0.249161273 0.832943261 4 0 3 1 2
MP883 -0.128216743 -0.247491702 0.848526478 4 0 3 1 2
MP884 -0.141022101 -0.239303902 0.802532375 4 0 3 1 2
MP885 -0.130938247 -0.235548094 0.796597004 4 0 3 1 2
MP887 -0.176062465 -0.225461036 0.735910773 4 0 3 1 2
MP888 -0.176292330 -0.239353999 0.776765406 4 0 3 1 2
MP889 -0.429307461 0.242866784 1.797676682 4 0 3 1 2
MP890 -0.273958892 -0.276064962 0.958607793 4 0 3 1 2
MP891 -0.297227412 0.171484351 0.875123918 3 0 1 2
MP892 0.270090133 0.306013942 0.561928689 4 0 3 1 2
MP893 -0.212571859 -0.248147324 0.744418740 4 0 3 1 2
MP894 -0.134825811 -0.013784975 0.520852208 3 0 1 2
MP901 0.039955892 0.281928450 0.639275432 3 0 1 2
MP903 -0.263314545 -0.050232802 0.582540214 3 3 1 2
MP904 -0.290303290 -0.063168108 0.642505407 4 0 3 1 2
MP905 0.028759995 0.073177248 0.728806555 4 0 3 1 2
MP906 0.044679437 0.109409437 0.978390038 3 0 1 2
MP907 0.954120874 0.103670999 1.006754041 4 0 3 1 2
MP909 0.688144743 0.413190275 1.291158915 4 0 3 1 2
MP910 0.563420892 0.387570441 1.125177860 4 0 3 1 2
MP911 -0.222295970 -0.300847113 1.001399755 3 0 1 2
MP912 -0.142788351 -0.207575664 0.691840291 4 0 3 1 2
MP915 0.733576894 0.404182285 1.050969839 4 0 3 1 2
MP916 0.605417788 0.435383886 1.130867124 4 0 3 1 2
MP917 -0.091174901 -0.177344576 0.618790329 4 0 3 1 2
MP918 -0.079829939 -0.167323500 0.598258734 4 0 3 1 2
MP919 0.587624550 0.255535573 0.668532908 3 0 1 2
MP922 -0.177766263 -0.183071271 0.603689492 4 0 3 1 2
MP924 -0.170556918 -0.183758110 0.646830201 3 0 1 2
MP925 -0.356690437 0.207003206 1.052629352 3 0 1 2
MP926 -0.306861103 -0.116617896 0.690550148 4 0 3 1 2
MP929 0.007979102 -0.001175312 0.705257118 3 0 3 2
MP930 -0.367623061 0.202358395 1.530243278 3 0 1 2
MP931 -0.306753725 0.174209908 1.102854013 4 0 3 1 2
MP932 -0.333232850 0.225187689 1.383931994 3 0 1 2
MP933 -0.419581145 -0.229162753 1.002413750 4 0 3 1 2
MP934 -0.351848155 -0.162754610 0.829153717 4 0 3 1 2
MP935 0.954845607 0.103178255 0.972874999 4 0 3 1 2
MP936 1.123258829 0.139746979 1.132030487 3 0 1 2
MP938 1.107796550 0.647563338 1.397429347 4 0 3 1 2
MP939 0.741154432 0.178866893 1.142235994 3 0 1 2
MP940 0.771473110 0.179451719 1.122490883 4 0 3 1 2
MP944 0.326578319 0.287344187 0.567499757 4 0 3 1 2
MP945 0.636945963 0.261829227 1.363033652 4 0 3 1 2
MP948 0.045283027 0.039756555 0.872265160 4 0 3 1 2
MP950 0.040186506 -0.013127911 0.809825242 4 0 3 1 2
MP951 -0.034687854 0.240313798 0.511334479 4 0 3 1 2
MP952 -0.060259450 0.445722401 0.927732289 3 0 1 2
MP953 -0.346457899 0.275723547 1.346036911 3 0 1 2
MP954 -0.321524769 -0.268973768 0.997334599 4 0 3 1 2
MP955 -0.250562847 -0.170668960 0.694398820 4 0 3 1 2
MP956 -0.331944585 -0.022086082 0.811591566 3 0 1 2
MP957 -0.349671930 -0.010827600 0.827994823 4 0 3 1 2
MP958 -0.334084034 -0.134386390 0.733373165 4 0 3 1 2
MP959 -0.276696652 -0.031027028 0.627755284 4 0 3 1 2
MP961 0.480161846 0.073871747 0.561984718 4 0 3 1 2
MP964 0.797464252 0.643832266 1.019831419 3 0 1 2
MP965 0.736210287 0.613267303 0.957518518 4 0 3 1 2
MP966 0.824037611 0.461052746 1.146709561 4 0 3 1 2
MP967 0.537366390 0.125697449 0.765339017 4 0 3 1 2
MP970 0.614867985 0.388493091 0.924917579 4 0 3 1 2
MP971 0.420488447 0.400299877 0.611333132 4 0 3 1 2
MP978 0.218573436 0.342641026 1.480800390 4 0 3 1 2
MP979 0.080310643 -0.000234470 0.953748524 4 0 3 1 2
MP980 0.092100948 -0.083578929 0.929521263 4 0 3 1 2
MP981 0.081794269 -0.030175336 0.908590078 4 0 3 1 2
MP983 -0.081438854 -0.024955329 0.544525564 4 0 3 1 2
MP984 -0.085496008 -0.028537016 0.666519105 4 0 3 1 2
MP985 -0.124710143 0.004454495 0.559452891 4 0 3 1 2
MP986 -0.185971335 0.081565313 0.542253017 3 0 1 2
MP995 0.181544393 0.356281340 0.605818927 4 0 3 1 2
MP996 0.030666428 0.233784929 0.655328631 4 0 3 1 2
MP997 0.014625832 0.138600647 0.866014361 4 0 3 1 2
MP998 0.016567143 -0.183736518 0.840591550 4 0 3 1 2
MP999 -0.041021608 -0.201428995 0.735140204 4 0 3 1 2
MP1000 -0.044591755 -0.062540688 0.740350604 3 0 1 2
MP1004 -0.201651484 -0.010321420 0.632982135 4 0 3 1 2
MP1005 -0.312574238 -0.025748588 0.705729067 4 0 3 1 2
MP1006 1.037143946 0.068234779 1.075068593 4 0 3 1 2
MP1009 0.279568106 0.245124027 0.474873453 4 0 3 1 2
MP1010 0.298886091 0.282118946 0.516461015 4 0 3 1 2
MP1011 0.615465343 0.221821368 1.318918228 3 0 1 2
MP1013 0.224481747 0.348346621 0.695176005 4 0 3 1 2
MP1014 0.201891989 0.350430459 0.662655890 4 0 3 1 2
MP1015 0.186403990 0.297940820 0.666000426 3 0 1 2
MP1018 0.109684862 0.318518788 1.280140519 4 0 3 1 2
MP1020 0.000442670 -0.149793759 0.653923035 4 0 3 1 2
MP1021 -0.028576599 0.263697118 0.517297268 4 0 3 1 2
MP1023 -0.003559223 0.410792351 0.793871343 3 0 1 2
MP1024 -0.046217166 0.248456851 1.036578059 3 0 1 2
MP1026 -0.029762056 -0.044790938 0.789024949 4 0 3 1 2
MP1027 -0.007217515 -0.044060763 0.734392047 4 0 3 1 2
MP1029 -0.173867926 0.390504062 1.204598546 3 0 1 2
MP1033 -0.639613092 0.183780745 1.105918527 3 0 1 2
MP1034 -0.058503740 0.035142630 0.063060388 3 0 3 1
MP1035 -0.053303245 0.033255365 0.058540009 4 0 3 1 2
MP1036 1.010896802 0.018253170 1.048404694 4 0 3 1 2
MP1037 1.018921018 0.041768689 1.058105588 3 0 1 2
MP1040 0.439166993 -0.126522511 0.560875714 4 0 3 1 2
MP1042 0.241559565 0.246955127 1.353055120 4 0 3 1 2
MP1045 -0.048098005 -0.211025432 0.848687530 3 0 1 2
MP1046 -0.023952495 -0.184913889 0.776441693 3 0 1 2
MP1048 -0.090700202 -0.122503564 0.543227732 3 0 1 2
MP1050 -0.060101952 -0.022679050 0.142217010 4 0 3 1 2
MP1051 -0.520722210 -0.178210661 1.249713540 4 0 3 1 2
MP1054 0.929435551 0.076592349 1.010973454 4 0 3 1 2
MP1058 0.736215651 0.123566940 1.274219751 3 0 1 2
MP1060 0.610089600 -0.311551392 1.709988475 4 0 3 1 2
MP1063 -0.112185553 0.423374653 0.845736921 3 0 1 2
MP1064 -0.072083518 -0.054546371 0.591149867 4 0 3 1 2
MP1068 -0.089630380 0.099256091 0.143485636 3 0 1 2
MP1069 -0.419663280 0.221330822 0.492370129 3 0 1 2
MP1070 -0.055438168 -0.016188452 0.121981084 4 0 3 1 2
MP1071 -0.294419050 -0.089584462 0.677859664 4 0 3 1 2
MP1072 -0.297930777 -0.076660864 0.662783384 4 0 3 1 2
MP1073 -0.344038278 -0.089426167 0.801856637 4 0 3 1 2
MP1077 0.270800352 0.321215719 0.581416845 4 0 3 1 2
MP1078 0.260327101 0.320981294 0.562865198 3 0 1 2
MP1082 -0.265436321 -0.139893085 0.648004234 4 0 3 1 2
MP1083 -0.317890555 -0.169996604 0.781753659 4 0 3 1 2
MP1084 -0.271869332 -0.134297520 0.657581270 4 0 3 1 2
MP1085 -0.309542179 -0.157795966 0.771075547 4 0 3 1 2
MP1086 -0.213127106 -0.255769879 0.826698244 3 0 1 2
MP1089 0.945505619 0.716443002 1.060621977 3 0 1 2
MP1090 0.920959771 0.712828755 1.025887251 4 0 3 1 2
MP1092 0.649593055 -0.272377044 0.770038486 4 0 3 1 2
MP1093 -0.026487773 0.003531005 0.068469271 4 0 3 1 2
MP1094 -0.009481523 0.007319873 0.621764481 4 0 3 1 2
MP1096 -0.655235171 0.187858805 1.133343339 3 0 1 2
MP1099 0.261011422 0.263502747 1.449370265 4 0 3 1 2
MP1102 -0.343860805 -0.180725664 0.824005365 3 0 1 2
MP1103 -0.278685570 -0.137305871 0.695133984 3 3 1 2
MP1107 -0.207896367 -0.283006459 0.933569908 4 0 3 1 2
MP1108 0.603499353 0.248864412 0.652887285 3 0 1 2
MP1111 0.812255383 0.634374619 1.038324594 4 0 3 1 2
MP1113 -0.182324097 -0.216492802 0.706731141 3 0 1 2
MP1114 -0.175707385 -0.193033218 0.676016808 4 0 3 1 2
MP1116 -0.027311509 0.019153358 0.029709123 4 0 3 1 2
MP1118 0.386022538 0.311114609 0.634596527 4 0 3 1 2
MP1121 0.339273363 0.286368906 0.554062903 3 0 1 2
MP1122 0.732628107 0.536603987 1.436225057 4 0 3 1 2
MP1123 -0.009708194 0.387240380 0.567260563 3 0 1 2
MP1124 -0.102410749 -0.178192243 0.623193204 3 0 3 2
MP1125 -0.124834776 -0.246345162 0.843499660 3 0 3 2
MP1132 -0.236054942 -0.070487656 0.513740778 4 0 3 1 2
MP1137 -0.170352474 0.409381837 0.573911488 4 0 3 1 2
MP1138 -0.172372699 0.433027685 0.602789402 4 0 3 1 2
MP1141 1.142963171 0.120759420 1.162702322 4 0 3 1 2
MP1144 0.417092353 0.405401736 0.614495814 3 3 1 2
MP1146 -0.312493235 0.175572589 1.123405099 3 0 1 2
MP1148 0.788874269 0.099240407 0.983434796 3 0 1 2
MP1149 0.281523764 0.299057722 0.629178047 3 0 1 2
MP1153 -0.101734981 -0.016693963 0.698664188 3 0 1 2
MP1156 0.286014318 0.270513624 0.518263519 3 0 1 2
MP1158 -0.022449270 0.435916871 0.867358983 3 0 1 2
MP1160 -0.328083336 0.586465418 1.226665616 3 0 1 2
MP1163 0.441981316 0.089696057 0.586623967 3 0 1 2
MP1164 0.590710938 0.216813296 1.509136915 4 0 3 1 2
MP1167 -0.138571516 0.005564424 0.456547081 3 0 1 2
MP1168 -0.037844855 0.019331859 0.042037845 4 0 3 1 2
MP1169 0.322154909 -0.092026420 0.782646835 3 0 1 2
MP1170 0.262232542 0.435008198 0.978361726 4 0 3 1 2
MP1172 0.033412717 0.255357862 0.725332797 3 0 1 2
MP1175 -0.057529636 -0.081745423 0.946741760 4 0 3 1 2
MP1176 -0.001658731 -0.959135532 1.328870893 4 0 3 1 2
MP1181 0.074817516 0.323785365 0.715085983 3 0 1 2
MP1183 -0.268826723 -0.028439283 0.603798687 4 0 3 1 2
MP1184 -0.466203690 0.148147836 0.732401252 3 0 1 2
MP1186 -0.505095482 0.250648260 1.219025016 4 0 3 1 2
MP1188 -0.378653973 -0.143714055 0.883645952 3 0 3 1
MP1191 -0.254870445 -0.094349630 0.564368844 4 0 3 1 2
MP1192 0.806737602 -0.249343604 1.939200997 4 0 3 1 2
MP1194 0.221966654 -0.130024612 0.403114229 3 0 3 1
MP1195 -0.349546522 0.097072698 1.364962101 3 0 1 2
MP1199 0.455107510 0.240126044 0.587822020 4 0 3 1 2
MP1201 -0.271335751 0.468447536 0.833189666 3 0 1 2
MP1202 -0.144577354 0.319316775 0.501981378 3 0 3 1
MP1205 -0.037735563 -0.131773666 0.495349109 3 0 3 1
MP1206 -0.306328803 -0.253358006 0.927003145 3 0 1 2
MP1208 -0.461704344 0.530623913 0.917880952 3 0 3 1
MP1209 -0.040437926 0.040682916 0.067285948 4 0 3 1 2
MP1210 0.033286478 0.069466412 0.676822722 4 0 3 1 2
MP1211 0.957511961 0.553789496 1.165492058 3 0 3 1
MP1213 -0.220891386 -0.183510214 0.657584488 4 0 3 1 2
MP1214 -0.376683891 -0.373785287 1.226031065 4 0 3 1 2
MP1215 0.352629930 0.337806404 0.564889967 3 0 1 2
MP1216 -0.284288853 0.172024742 0.692099273 4 0 3 1 2
MP1217 0.761516631 -0.220418334 0.892803788 4 0 3 1 2
MP1218 0.240824133 -0.117526785 0.383711100 3 0 3 1
MP1221 0.498948038 0.276749402 1.029544592 3 0 3 1
MP1222 0.922217548 0.366254926 0.997785866 4 0 3 1 2
MP1224 -0.017799672 0.607951224 0.995075822 3 0 1 2
MP1226 0.215555847 -0.090279669 0.299658448 3 0 1 2
MP1228 -0.329151541 0.111565456 0.966455519 4 0 3 1 2
MP1231 -0.048160460 -0.294625998 0.453069478 3 0 3 1
MP1232 -0.047856905 -0.729575872 1.083968520 3 0 1 2
MP1233 0.135803178 -0.057545409 0.405808061 2 0 2
MP1234 0.464010149 0.053212591 0.617712200 2 0 2
MP1235 -0.077154420 -0.032303330 0.617388070 4 0 3 1 2
MP1236 -0.186557204 -0.209946036 0.740537107 4 0 3 1 2
MP1237 -0.045944385 -0.253311723 0.923781514 4 0 3 1 2
MP1239 0.136550695 0.329415619 1.367245913 3 0 1 2
MP1240 0.016967539 0.187479898 0.923275828 4 0 3 1 2
MP1243 0.634081125 0.256227911 1.367012382 4 0 3 1 2
MP1245 0.183803394 0.201142520 0.447797686 3 0 3 2
MP1246 -0.055282719 0.141972348 0.784564018 2 0 2
MP1247 0.098915622 0.003521836 1.066801548 4 0 3 1 2
MP1248 -0.044328183 -0.201739699 0.745221078 4 0 3 1 2
MP1249 -0.168399394 -0.013178435 0.610828876 3 0 3 2
MP1250 -0.140923470 0.028216558 0.531635702 3 0 3 2
MP1251 0.281215936 0.282466114 0.465855032 2 0 2
MP1252 0.259646952 0.272062749 0.516665637 4 0 3 1 2
MP1253 0.173172772 0.310534954 0.505507708 3 0 3 2
MP1254 0.538879097 0.061706014 0.717443645 2 0 2
MP1255 0.196773857 0.281586558 0.682858109 4 0 3 1 2
MP1256 0.238791630 0.302775979 0.776695013 4 0 3 1 2
MP1257 0.245329857 0.270505428 0.539431095 3 0 1 2
MP1258 0.298478276 -0.153536662 0.900208354 4 0 3 1 2
MP1259 0.278066039 0.369704843 0.818624020 3 0 1 2
MP1261 0.544542611 -0.244896770 0.790552914 2 0 2
MP1262 -0.087952361 -0.021695105 0.492074877 4 0 3 1 2
MP1263 0.066165410 0.005642262 0.768163621 4 0 3 1 2
MP1264 -0.259539098 0.148415595 0.952585816 3 0 3 2
MP1265 0.232531428 0.296560735 0.474391133 2 0 2
MP1266 0.206414178 0.308012277 0.469870389 3 0 3 2
MP1267 0.139112204 0.270701587 0.717171967 3 0 3 2
MP1268 0.071061596 0.020398201 0.953783870 4 0 3 1 2
MP1270 0.022214238 0.107593909 0.970155954 4 0 3 1 2
MP1273 0.191232488 0.369230837 0.633841097 2 0 2
MP1274 0.161432043 0.290677458 0.468371183 3 0 3 2
MP1275 0.225552857 0.271217197 0.640902042 4 0 3 1 2
MP1277 0.313214540 0.317494690 0.560150266 3 0 3 2
MP1279 -0.053225882 0.460547477 0.752245903 3 0 3 2
MP1280 0.111680672 -0.767697752 1.227587223 3 0 3 2
MP1281 -0.378173858 -0.053964041 0.838927329 2 0 2
MP1282 -0.354934275 -0.042574257 0.844449222 2 0 2
MP1283 -0.300254464 -0.046019495 0.659029603 2 0 2
MP1284 -0.329708219 -0.056448407 0.767975628 4 0 3 1 2
MP1285 0.094536312 0.625470579 1.072532535 2 0 2
MP1286 0.094840355 -0.062229585 0.177742243 3 0 3 2
MP1288 0.446504086 -0.141168967 0.538068175 2 0 2
MP1289 0.355295718 -0.101397902 0.513173878 2 0 2
MP1290 -0.163121283 -0.049198128 0.582882881 3 0 3 2
MP1291 0.449851155 -0.236225516 0.737261474 2 0 2
MP1292 0.662305713 -0.305930465 0.941369176 2 0 2
MP1293 1.226588488 -0.865082085 2.506142616 4 0 3 1 2
MP1294 0.346390367 -0.084159903 0.547011375 2 0 2
MP1295 0.268731564 -0.077299379 0.582007945 2 0 2
MP1296 0.253499031 -0.267944723 0.491269320 2 0 2
MP1297 0.851768017 -0.482406259 1.299804688 2 0 2
MP1298 -0.120070882 0.265709370 1.518210292 2 0 2
MP1299 0.319142550 0.144356653 0.369242311 2 0 2
MP1300 0.831721067 0.602279723 0.952894986 2 0 2
MP1301 0.204911903 0.314638674 0.637169957 4 0 3 1 2
MP1302 0.206732124 0.532585800 0.852366626 3 0 1 2
MP1303 0.399557948 0.083544590 0.614673316 2 0 2
MP1304 0.188306421 0.342493653 1.259636283 2 0 2
MP1305 0.017784150 0.062074389 0.630137146 4 0 3 1 2
MP1306 0.491516322 0.019930225 0.577483952 3 0 3 2
MP1307 0.192089662 0.373634189 0.632186532 3 0 3 2
MP1309 0.159412727 0.178234592 0.382488132 3 0 3 2
MP1310 0.044551693 0.231501684 0.505034387 3 0 1 2
MP1311 0.803384006 0.620720267 0.934582174 3 0 3 2
MP1312 0.509389043 0.311842710 0.773381293 2 0 2
MP1313 0.237525508 0.259260088 0.517286360 3 0 3 2
MP1314 0.238040894 0.209732980 0.412877381 2 0 2
MP1315 -0.347767651 0.168355361 0.863859594 3 0 1 2
MP1316 -0.111700051 -0.191379651 0.605904460 3 0 3 2
MP1317 -0.158395439 -0.224590406 0.686239958 4 0 3 1 2
MP1319 -0.088794462 -0.032497123 0.697306216 3 0 1 2
MP1321 0.325043261 -0.134005934 0.955415010 2 0 2
MP1322 0.236371264 -0.096892007 0.693950951 2 0 2
MP1323 -0.143557772 0.026931887 0.504604578 2 0 2
MP1324 0.504506290 0.274493724 0.671186626 3 0 3 2
MP1325 0.496269464 0.276365101 0.651324153 2 0 2
MP1326 0.166666403 0.320206821 0.558709502 3 0 3 2
MP1327 0.198862940 0.384310067 0.658038676 3 0 1 2
MP1328 0.081766151 0.299128652 0.579508066 3 0 1 2
MP1331 0.081274822 -0.086054012 0.940106928 4 0 3 1 2
MP1333 -0.289288193 0.054010790 0.759636819 3 0 3 2
MP1334 -0.076426066 -0.128362268 0.525966108 2 0 2
MP1335 0.384909809 -0.108920097 0.555290878 3 0 3 2
MP1336 0.144378364 -0.195293754 0.489264160 2 0 2
MP1337 -0.033826776 0.369243443 0.687413454 2 0 2
MP1338 0.588496447 0.360858619 0.886365235 3 0 3 2
MP1339 1.026992917 0.536640167 1.329000950 3 0 3 2
MP1340 0.204467446 0.292167366 0.421020329 2 0 2
MP1341 1.030523181 0.749528408 1.182682633 3 0 1 2
MP1342 0.010342833 0.317320764 0.827137828 3 0 1 2
MP1344 0.171194404 0.328805983 0.574034095 3 0 3 2
MP1345 0.940515816 0.160730332 0.979689658 2 0 2
MP1347 0.055309955 0.022055101 0.793609262 4 0 3 1 2
MP1348 0.244172141 0.290449500 0.769522071 3 0 3 2
MP1349 -0.153396979 0.340955943 1.381386876 2 0 2
MP1351 -0.078178637 0.468549430 0.814652622 3 0 1 2
MP1352 -0.018396255 -0.072477534 0.788696408 3 0 3 2
MP1353 0.450039834 -0.149599269 0.490755826 3 0 1 2
MP1354 -0.177304164 -0.574788511 0.878069818 2 0 2
MP1355 -0.293439329 -0.032258723 0.633971751 4 0 3 1 2
MP1356 -0.278179020 -0.124437451 0.632028222 4 0 3 1 2
MP1357 -0.368612140 -0.140901312 0.862794697 4 0 3 1 2
MP1358 -0.365132004 -0.351679206 1.240198970 4 0 3 1 2
MP1360 -0.220657006 -0.138129815 0.599184573 3 0 3 2
MP1361 -0.262962043 -0.163040966 0.723089099 4 0 3 1 2
MP1362 -0.344911754 -0.046259876 0.809474945 4 0 3 1 2
MP1363 -0.208477437 -0.024862368 0.467320204 3 0 3 2
MP1364 -0.093791246 -0.033850331 0.718808234 3 0 1 2
MP1365 0.656400561 -0.191137448 0.777771056 4 0 3 1 2
MP1368 0.166010767 0.334102362 0.554681599 3 0 3 2
MP1370 0.013786905 0.082380541 0.737665117 4 0 3 1 2
MP1372 -0.071451537 -0.163772076 0.563676715 3 0 3 2
MP1373 -0.064478345 -0.161146179 0.557013929 4 0 3 1 2
MP1374 0.688329518 -0.381744295 1.616410732 2 0 2
MP1375 -0.112776555 -0.362975419 0.552846074 2 0 2
MP1376 -0.159138814 -0.047671847 0.569544435 3 0 3 2
MP1377 0.212343499 -0.180559650 1.641361237 3 0 3 2
MP1378 0.157209739 -0.174136177 1.614979029 3 0 3 2
MP1379 -0.147678465 0.397936404 0.603348911 4 0 3 1 2
MP1381 -0.310825437 0.061747130 0.798221827 2 0 2
MP1383 0.699459314 0.465491265 0.980949521 2 0 2
MP1384 0.053087555 0.267266959 0.683984756 3 0 1 2
MP1385 0.324255019 0.084202968 0.501563787 2 0 2
MP1386 -0.133354947 -0.155001193 0.561050892 3 0 3 2
MP1388 -0.184185803 -0.129440427 0.508494258 2 0 2
MP1389 0.908154070 0.685759425 1.027465820 3 0 3 2
MP1390 0.762247205 0.484937072 1.401101589 4 0 3 1 2
MP1391 0.958766878 0.126528129 1.013507605 2 0 2
MP1392 0.072582416 -0.125208795 0.914408207 4 0 3 1 2
MP1393 0.022516087 0.157962859 1.173316002 2 0 2
MP1394 0.007333081 -0.013120321 0.840228438 3 0 3 2
MP1395 -0.141245589 0.427124619 0.597654045 2 0 2
MP1396 0.765020251 0.063649163 0.860485911 2 0 2
MP1397 0.980063140 0.519758701 1.223520517 3 0 3 2
MP1398 0.195450425 0.389625847 0.647253752 2 0 2
MP1399 -0.060220130 -0.150456414 0.579250455 3 0 3 2
MP1400 0.584906101 -0.180088446 0.680617452 3 0 3 2
MP1401 0.898118019 0.105751768 0.972390592 4 0 3 1 2
MP1402 0.524132788 0.288244188 0.702952147 3 0 3 2
MP1403 0.234010145 0.262753189 0.435322225 3 0 3 2
MP1404 0.136712134 0.164270177 0.380750418 2 0 2
MP1405 0.069273077 0.428728193 0.774368882 2 0 2
MP1406 -0.153892368 -0.012108421 0.572608769 3 0 3 2
MP1407 -0.114788383 -0.141829267 0.502430618 4 0 3 1 2
MP1408 -0.140151128 -0.203435719 0.670040965 4 0 3 1 2
MP1409 -0.176049724 -0.169381529 0.653629422 3 0 1 2
MP1411 1.421482325 0.347350568 2.164519787 3 0 3 2
MP1412 0.482052356 0.119047895 0.732957244 3 0 1 2
MP1413 0.049573191 0.040603615 0.810235381 3 0 3 2
MP1414 -0.069502316 -0.039203946 0.574822545 3 0 3 2
MP1416 -0.208946347 -0.131529555 0.574180603 3 0 3 2
MP1418 0.504959881 0.433777213 0.675621271 2 0 2
MP1420 0.227427825 -0.101086907 0.329332024 2 0 2
MP1421 0.466582328 0.139793098 0.776590228 2 0 2
MP1422 0.483827561 -0.252671689 0.791848063 2 0 2
MP1423 0.556305587 0.369100899 1.082652569 3 0 3 2
MP1424 0.277409166 0.344588637 0.600677133 4 0 3 1 2
MP1425 0.029610030 0.151866317 0.671183348 2 0 2
MP1426 0.009875672 0.004090007 0.633839965 3 0 3 2
MP1428 -0.131423190 -0.224024460 0.702303588 3 0 3 2
MP1429 -0.103685006 -0.177922517 0.565057695 3 0 3 2
MP1430 -0.128161252 -0.123585530 0.432450473 2 0 2
MP1432 -0.041061897 0.027779434 0.051185507 2 0 2
MP1433 -0.344216853 0.216756031 0.952064157 4 0 3 1 2
MP1435 -0.382133216 -0.008286802 0.837176621 2 0 2
MP1437 -0.548992038 -0.138681576 1.206732154 3 0 3 2
MP1438 -0.318613678 0.267271638 0.397115767 3 0 3 2
MP1439 -0.672212362 0.018260956 0.750164330 2 0 2
MP1440 1.025383472 0.015045539 1.063903451 4 0 3 1 2
MP1443 0.895772874 0.426263928 1.083631873 2 0 2
MP1444 -0.017196493 -0.181346789 0.708431005 2 0 2
MP1445 -0.050343398 0.289921939 0.492282331 2 0 2
MP1446 -0.126313880 -0.204021141 0.712928593 4 0 3 1 2
MP1449 -0.130288035 0.026692947 0.484824598 4 0 3 1 2
MP1452 -0.388665527 -0.008275882 0.851776302 2 0 2
MP1453 0.310501397 -0.129869819 0.368228495 3 0 3 2
MP1454 -0.141428143 0.323302507 1.294323802 3 0 1 2
MP1455 -0.131062806 -0.160968095 0.540112674 3 0 1 2
MP1456 -0.323413640 -0.150274545 0.761386514 3 0 3 2
MP1457 0.295001060 0.280889899 0.466282368 2 0 2
MP1458 0.820508778 0.665459991 1.024132013 3 0 3 2
MP1459 0.777997732 0.654960692 1.072664738 3 0 3 2
MP1460 0.061140284 0.031490903 0.838891029 3 0 3 2
MP1462 0.857493222 0.713888764 1.028108001 3 0 3 2
MP1463 -0.207107931 -0.129578367 0.600977540 2 0 2
MP1464 0.899344802 0.113720447 0.995696306 2 0 2
MP1465 -0.103562877 0.506285548 0.714710295 4 0 3 1 2
MP1466 0.055176582 0.032386906 0.096547879 3 0 3 2
MP1467 0.569378138 0.103932671 0.711186945 2 0 2
MP1468 0.687416434 0.142017841 0.911962152 3 0 3 2
MP1469 0.773751557 0.675344288 0.960690796 3 0 3 2
MP1470 0.033442196 0.385437071 0.636659563 2 0 2
MP1471 0.021654697 0.150396973 1.113667488 2 0 2
MP1472 0.071721196 0.171870887 1.509526730 2 0 2
MP1473 0.034763906 0.123408780 0.818309069 3 0 3 2
MP1474 0.036351807 0.156527966 0.883910537 4 0 3 1 2
MP1475 -0.074899405 -0.038406100 0.611286759 3 0 3 2
MP1476 -0.174825534 0.514650822 0.704865277 3 0 3 2
MP1477 -0.247827604 -0.009743224 0.692892969 2 0 2
MP1479 -0.317430079 -0.014030732 0.718756497 3 0 3 2
MP1480 0.242478415 0.336461246 0.497609615 2 0 2
MP1481 0.257149726 0.357366413 0.508469760 2 0 2
MP1483 0.039867140 -0.112113453 0.767188489 3 0 3 2
MP1485 -0.010638206 -0.105725355 0.669116914 2 0 2
MP1486 -0.034643713 -0.006916527 0.439679831 4 0 3 1 2
MP1487 -0.253341109 0.395805091 0.533510566 3 0 3 2
MP1488 -0.265867263 -0.083248205 0.543496430 3 0 3 2
MP1489 0.460390627 -0.131242082 0.510326743 3 0 3 2
MP1490 0.415841848 -0.128458574 0.499219447 4 0 3 1 2
MP1491 0.748181045 0.435831010 1.406917095 3 0 3 2
MP1492 0.221607834 0.360553920 0.487235337 2 0 2
MP1493 0.195974201 0.350368053 0.557853699 3 0 3 2
MP1494 0.146554857 0.754789233 1.125703931 2 0 2
MP1495 -0.027731963 0.432406962 0.651264906 2 0 2
MP1496 -0.066229597 -0.164815262 0.632127643 2 0 2
MP1497 -0.172652110 0.392113805 0.564312100 2 0 2
MP1498 0.310821265 -0.116641425 0.354203403 2 0 2
MP1499 0.682691693 0.070083372 0.831494570 4 0 3 1 2
MP1501 0.463414997 -0.243404254 0.759532630 3 0 3 2
MP1502 0.252570063 0.300821811 0.485576838 2 0 2
MP1503 0.234508783 0.359559894 0.632330596 3 0 3 2
MP1504 0.500733197 -0.163140416 1.300613880 3 0 1 2
MP1505 0.546034038 0.211246654 1.336959362 2 0 2
MP1506 0.430173814 0.176051706 1.120450258 3 0 3 2
MP1507 -0.012363749 0.013858917 0.059961237 3 0 3 2
MP1508 0.086735480 0.363800675 0.744691968 2 0 2
MP1509 0.161724284 -0.096278347 1.347214222 4 0 3 1 2
MP1510 0.021768490 0.331899464 0.558962226 2 0 2
MP1511 0.268026888 -0.064077742 0.453233302 2 0 2
MP1512 0.415373296 -0.130658686 0.785792470 2 0 2
MP1513 0.228931740 0.321283072 0.437101692 2 0 2
MP1514 0.176227674 0.364403337 0.692167044 2 0 2
MP1515 -0.000082329 0.211830169 0.440485567 4 0 3 1 2
MP1516 0.119826078 -0.033873394 1.153319955 3 0 3 2
MP1518 -0.597374320 -0.152648300 1.308392882 3 0 3 2
MP1519 -0.454106450 -0.097834803 1.039516926 3 0 3 2
MP1520 -0.407944322 -0.072947793 0.940865099 3 0 3 2
MP1521 -0.386718363 -0.066274896 0.898776233 4 0 3 1 2
MP1522 -0.104616195 0.013985543 0.526971936 3 0 3 2
MP1523 0.117016062 -0.019820420 1.087658167 3 0 3 2
MP1524 1.058772802 0.097474918 1.258272648 3 0 3 2
MP1525 0.245360747 0.386145294 1.252664328 3 0 3 2
MP1526 0.921443105 0.702006757 1.143165350 3 0 3 2
MP1527 0.020620046 0.181266889 0.852763414 3 0 3 2
MP1528 -0.134104356 -0.194781005 0.641951323 3 0 3 2
MP1529 -0.205201864 -0.128320694 0.595842719 2 0 2
MP1531 0.803855717 0.566298008 0.857262969 3 0 3 2
MP1532 0.554196477 0.346510828 0.860197842 2 0 2
MP1533 0.038100038 -0.098177910 0.692272365 3 0 3 2
MP1534 -0.059460547 -0.042311668 0.540939629 2 0 2
MP1535 0.301891595 0.302398741 0.493715495 2 0 2
MP1536 0.831587613 0.060203433 0.874394536 3 0 3 2
MP1537 0.924312472 0.188978016 1.227514148 3 0 3 2
MP1538 0.625586748 0.162813753 0.967374444 2 0 2
MP1539 0.790188253 0.199164689 1.186361551 2 0 2
MP1540 0.357091457 0.295818746 0.558281541 4 0 3 1 2
MP1541 0.304152459 0.277675003 0.491024673 3 0 3 2
MP1542 0.210197940 0.332462668 0.686208427 3 0 3 2
MP1543 -0.063759260 -0.158654183 0.608498633 3 0 3 2
MP1544 -0.364732414 -0.079289027 0.833249807 3 0 3 2
MP1545 -0.462819040 -0.146922991 1.044633150 4 0 3 1 2
MP1546 -0.354204625 -0.079914443 0.732405901 3 0 3 2
MP1547 0.913999856 0.122830868 1.300306082 2 0 2
MP1548 0.218393967 0.355464637 0.480002761 2 0 2
MP1549 -0.004210223 0.029068895 0.058038108 3 0 3 2
MP1551 -0.121180005 0.439939916 0.598252773 3 0 3 2
MP1552 -0.123450845 0.006123132 0.453674078 3 0 3 2
MP1553 -0.200609431 0.426929235 0.620088577 2 0 2
MP1554 -0.183731645 0.438735664 0.616912127 3 0 3 2
MP1555 0.214743733 -0.084345765 0.269277632 2 0 2
MP1556 0.852271616 0.544257462 1.121096849 3 0 3 2
MP1557 0.221029058 0.367169291 1.466335177 3 0 3 2
MP1558 -0.048744753 0.454390019 0.664100945 3 0 3 2
MP1559 -0.040129188 -0.059937537 0.612395108 4 0 3 1 2
MP1560 -0.294783682 -0.247456193 0.918460190 3 0 3 2
MP1561 -0.352331012 -0.294847876 1.109587908 3 0 3 2
MP1562 0.838474572 -0.283473879 1.533036351 3 0 3 2
MP1563 -0.067356780 -0.187744170 0.637053609 3 0 1 2
MP1564 -0.107536472 0.556452215 1.333312392 3 0 3 2
MP1566 0.467279673 -0.134442449 0.518594801 2 0 2
MP1567 0.501103520 0.027709864 0.606466353 2 0 2
MP1568 0.528274059 0.146956861 0.748983443 3 0 3 2
MP1569 0.155514956 0.311066329 1.584655762 2 0 2
MP1570 -0.284216821 -0.089658096 0.579142094 2 0 2
MP1571 0.005870213 0.020717265 0.045296330 2 0 2
MP1572 0.119546622 -0.046296559 0.164052054 3 0 3 2
MP1573 0.310262740 -0.132068127 0.369242519 3 0 3 2
MP1574 0.686652601 -0.214269459 0.825803280 2 0 2
MP1575 0.746847034 0.066661298 0.971953332 3 0 3 2
MP1576 0.680827796 -0.399271160 1.370004773 2 0 2
MP1577 0.214226842 0.348620594 0.617963314 2 0 2
MP1794 0.153876960 0.269490957 0.408070743 2 0 3
MP1795 0.019708799 0.201553836 0.381250590 2 0 3
MP1796 -0.158003405 -0.032637618 0.644458890 3 0 3 2
MP1797 -0.250408590 0.063560054 0.789377570 2 0 3
MP1798 -0.214154720 0.062406648 0.619173110 2 0 3
MP1799 0.504140735 0.098170988 0.715227246 2 0 3
MP1800 0.855980217 -0.286271930 1.166717887 2 0 3
MP1801 0.656572402 0.089985169 1.006183863 2 0 3
MP1802 0.351008475 0.110078380 0.582738817 2 0 3
MP1803 0.256860137 0.229047433 0.602852046 2 0 3
MP1804 0.233796045 0.440082580 1.536338568 2 0 3
MP1805 0.004725620 0.128420696 0.247731388 2 0 3
MP1806 0.047211200 0.062250450 0.739975512 2 0 3
MP1807 0.046321239 0.222947091 0.615568221 3 0 3 2
MP1808 -0.038508601 -0.159898624 0.568174720 2 0 3
MP1809 -0.110495046 -0.342168719 0.529344440 2 0 3
MP1810 -0.033333901 0.033508245 0.050544057 2 0 3
MP1811 -0.200473905 0.465987384 0.662074625 2 0 3
MP1812 -0.172940060 -0.103122197 0.509440899 2 0 3
MP1813 0.516107857 0.044070989 0.697512090 2 0 3
MP1814 0.422285229 -0.117266320 0.767334282 2 0 3
MP1815 0.312602729 0.084477663 0.558589935 2 0 3
MP1816 -0.126228377 -0.219220355 0.682224989 2 0 3
MP1817 0.256717086 0.250152349 0.389599681 2 0 3
MP1818 0.704779685 0.417743385 1.022572756 2 0 3
MP1819 0.016447704 -0.015142512 0.727816164 3 0 3 1
MP1821 0.614608288 -0.164939404 0.736917973 2 0 3
MP1822 1.116109848 -0.005667545 1.230744958 3 0 3 1
MP1823 0.152068213 0.266466588 0.403013587 2 0 3
MP1824 0.564891398 0.065795578 0.783835590 2 0 3
MP1825 0.661782861 0.282579184 0.737407327 2 0 3
MP1826 0.305157334 0.288043827 0.446287125 2 0 3
MP1827 0.311414868 0.307558089 0.462206453 2 0 3
MP1828 0.702301025 0.185238406 1.173414588 4 0 3 1 2
MP1829 0.620179355 0.192079619 1.100962639 2 0 3
MP1830 0.493184596 0.148874238 0.847657740 2 0 3
MP1831 -0.100456215 -0.030176636 0.504147530 2 0 3
MP1832 0.826078415 0.192382544 1.198939443 2 0 3
MP1833 0.600279450 0.152401760 0.880362272 2 0 3
MP1834 0.521714687 0.327878863 1.046405315 2 0 3
MP1835 0.748996973 0.471109241 1.433893323 2 0 3
MP1836 -0.359686494 0.040962718 1.079711795 2 0 3
MP1837 0.382706076 0.078775033 0.507903099 2 0 3
MP1838 -0.084067956 -0.032141209 0.582813919 2 0 3
MP1839 -0.101268329 0.061660644 0.127420887 2 0 3
MP1840 0.046104003 0.060705401 0.726916790 2 0 3
MP1841 0.161334142 0.317041606 0.552768409 2 0 3
MP1842 -0.128835723 -0.060617335 0.537624955 2 0 3
MP1843 0.686327040 -0.195981458 0.809512377 3 0 3 1
MP1844 0.363464206 0.072170816 0.514658630 2 0 3
MP1846 0.212185025 0.291947067 0.607417762 2 0 3
MP1847 0.087561831 0.155385047 0.288830131 2 0 3
MP1848 0.155648589 -0.053545427 0.872813761 2 0 3
MP1850 -0.113441370 -0.026687315 0.469853759 2 0 3
MP1852 0.025470579 0.219241381 0.556000710 2 0 3
MP1853 0.011385386 0.178793460 0.436543912 2 0 3
MP1854 0.045521431 0.218660638 0.602845490 3 0 3 2
MP1855 -0.092840135 -0.236066893 0.927471817 2 0 3
MP1856 -0.381478250 -0.083365522 0.843447089 2 0 3
MP1857 0.429741621 0.121138506 0.608884513 2 0 3
MP1858 0.000126528 0.157050088 0.292752117 2 0 3
MP1859 0.006890590 -0.103055730 0.651772678 2 0 3
MP1860 -0.016749538 0.140375733 0.302907139 2 0 3
MP1861 -0.015428428 0.252925396 0.550802171 2 0 3
MP1862 -0.067240000 -0.008163563 0.636490643 2 0 3
MP1863 -0.051604569 0.010930597 0.471262097 2 0 3
MP1621 0.218965247 0.331423461 0.643537819 3 0 3 1
MP1682 0.182365537 0.295849800 0.530358315 3 0 3 2
MP1683 0.169965982 0.296811819 0.498392552 2 0 3
MP1684 0.153102413 0.265886217 0.436766177 2 0 3
MP1685 0.107035011 0.251807213 0.702407420 2 0 3
MP1686 0.182980433 0.254673034 0.441199034 2 0 3
MP1687 0.162622392 0.279592931 0.494509429 2 0 3
MP1688 0.166968465 0.287510604 0.506487012 2 0 3
MP1689 -0.150930285 -0.045189209 0.545117795 2 0 3
MP1690 -0.050014649 0.011875317 0.473776788 2 0 3
MP1691 0.658266485 -0.193037093 0.734791994 2 0 3
MP1692 0.424262345 -0.209325179 0.594169974 2 0 3
MP1693 -0.031568643 0.205315158 0.837779105 2 0 3
MP1694 -0.001427517 0.074762121 0.144109040 2 0 3
MP1695 0.540835381 0.057075508 0.657672048 2 0 3
MP1696 0.476040840 0.308049262 1.192866325 3 0 3 2
MP1699 0.577705145 0.323522180 0.802729726 2 0 3
MP1700 0.206583589 0.257586360 0.462311178 2 0 3
MP1701 -0.174433917 -0.168245837 0.588524103 3 0 3 1
MP1702 -0.005542677 0.027737586 0.054233596 2 0 3
MP1704 -0.110217661 -0.034500066 0.544297636 2 0 3
MP1705 -0.102978170 -0.038095541 0.600398004 3 0 3 2
MP1706 -0.309644967 0.013736628 0.777826428 4 0 3 1 2
MP1707 0.879612088 -0.306167752 0.993498445 2 0 3
MP1708 0.447331369 -0.190398142 0.532194912 2 0 3
MP1709 0.530993283 -0.237379283 0.746227086 3 0 3 2
MP1711 0.217814729 0.270024568 0.470155627 2 0 3
MP1712 0.143013969 0.252558231 0.362838656 2 0 3
MP1713 0.216442913 0.300949395 0.627828777 3 0 3 1
MP1715 0.017192481 0.197130144 0.498373717 2 0 3
MP1716 0.013872707 0.171318129 0.921921670 2 0 3
MP1717 -0.048668951 -0.039569337 0.541145027 2 0 3
MP1718 -0.044101726 -0.036211930 0.650352180 3 0 3 1
MP1719 -0.040415019 0.193640485 0.311876416 3 0 3 2
MP1720 -0.215442345 -0.156504780 0.584952056 2 0 3
MP1721 -0.308795810 -0.014435758 0.696837842 3 0 3 2
MP1722 0.360880136 0.158873186 0.411426067 2 0 3
MP1723 0.484235793 0.062768325 0.607882261 2 0 3
MP1724 0.849941492 -0.390738606 1.267214298 2 0 3
MP1725 0.177895829 -0.102537282 0.367114812 2 0 3
MP1726 -0.079600267 -0.015619897 0.523349643 2 0 3
MP1727 0.024411788 0.048636202 0.726929545 4 0 3 1 2
MP1728 0.750637174 0.329112887 0.870207369 2 0 3
MP1729 -0.351022631 0.039416347 0.957834423 2 0 3
MP1731 0.266843706 0.117486790 0.309110492 2 0 3
MP1732 0.398374438 -0.166108161 0.457756460 2 0 3
MP1733 0.320995927 0.140977442 0.372011423 2 0 3
MP1734 0.605548263 0.124784529 0.936619878 2 0 3
MP1735 0.547151804 0.113519296 0.845681906 2 0 3
MP1736 0.248564109 0.232724130 0.428223163 3 0 3 2
MP1737 0.256117344 0.238896683 0.474203259 2 0 3
MP1738 0.208392143 0.251697600 0.432583928 2 0 3
MP1739 0.814340651 0.313679993 1.649708033 3 0 3 1
MP1740 0.200741440 0.300239950 0.587016642 2 0 3
MP1741 0.181982741 0.278706193 0.517802417 2 0 3
MP1743 0.073108532 0.013784679 0.921479762 2 0 3
MP1744 0.026667509 0.023517206 0.935713232 4 0 3 1 2
MP1745 0.003468094 -0.014035515 0.633521140 3 0 3 2
MP1746 -0.058116451 -0.045404587 0.493440151 3 0 3 1
MP1750 0.505633295 -0.173627973 0.569818020 2 0 3
MP1752 0.713169336 0.223203555 1.263753176 3 0 3 1
MP1753 0.485942215 0.152894557 0.860175431 3 0 3 1
MP1756 -0.058670618 0.036943685 0.064677224 2 0 3
MP1757 -0.118392743 -0.595617890 0.903664470 2 0 3
MP1758 -0.099131100 -0.831407130 1.250843287 2 0 3
MP1759 0.717407644 -0.210117236 0.796303093 2 0 3
MP1760 0.423893362 -0.141097337 0.577330112 2 0 3
MP1761 1.007722974 -0.006512851 1.111802340 2 0 3
MP1762 0.445787460 -0.189810857 0.530397952 2 0 3
MP1764 -0.420597851 0.020234326 1.054554343 3 0 3 2
MP1766 0.381472707 0.102482677 0.682245791 2 0 3
MP1768 -0.019046493 0.008902553 0.145697564 2 0 3
MP1769 0.217159167 0.245338395 0.450304240 2 0 3
MP1770 -0.148209184 -0.033244397 0.594516575 2 0 3
MP1771 -0.175421834 0.438584924 0.591840744 2 0 3
MP1773 -0.359681159 -0.093184873 0.780114710 3 0 3 2
MP1774 0.855081439 0.632617414 0.943186939 2 0 3
MP1775 0.417071432 0.221687660 0.486143798 2 0 3
MP1776 0.531306744 0.222567812 0.595154464 2 0 3
MP1777 0.361229300 0.159652710 0.411529630 2 0 3
MP1778 0.471769243 0.061378222 0.592095673 2 0 3
MP1779 0.224606454 0.193461612 0.381490558 2 0 3
MP1780 0.606637239 0.451489866 0.908489406 2 0 3
MP1781 0.685422599 0.247185469 1.336578965 3 0 3 1
MP1782 0.007977283 0.065331914 0.647879541 2 0 3
MP1784 0.253119767 -0.115992278 0.356723309 2 0 3
MP1785 0.611571252 0.079837367 0.767456710 3 0 3 1
MP1786 0.507414818 0.101649158 0.787174881 2 0 3
MP1787 0.746750414 0.323426962 1.384489179 2 0 3
MP1788 0.156676799 0.247221887 0.401042759 2 0 3
MP1789 0.368885666 -0.121804148 0.440159768 2 0 3
MP1790 0.313510269 -0.095576622 0.363352895 2 0 3
MP1791 0.348242521 -0.151320308 0.502572715 2 0 3
MP1792 0.212905243 0.232001334 0.461947411 2 0 3
MP1793 0.615338624 0.372914851 1.246578574 2 0 3
MP1623 -0.221228719 -0.014555564 0.752695024 3 0 3 1
MP1625 0.510940552 -0.145251572 0.639088154 3 0 3 1
MP1627 -0.037757512 -0.059340686 0.595359802 3 0 3 1
MP1628 -0.252595365 -0.792822957 1.233646989 2 0 3
MP1629 -0.080577180 -0.067462005 0.232913762 2 0 3
MP1630 -0.049970359 0.237650976 0.383748680 2 0 3
MP1631 -0.058718447 0.217764840 0.347266704 2 0 3
MP1632 0.254197657 0.232830063 0.625879526 2 0 3
MP1633 0.125843197 0.326280624 0.535090685 3 0 3 1
MP1634 0.578707278 0.117497258 0.896512628 2 0 3
MP1637 0.181024745 0.265798062 0.455470800 2 0 3
MP1638 0.185630977 0.282697290 0.443746924 2 0 3
MP1639 0.223908111 0.294599921 0.566149235 3 0 3 1
MP1640 0.414031178 0.187301353 0.478944629 3 0 3 1
MP1642 -0.218772247 -0.081303276 0.464107215 2 0 3
MP1644 0.031433776 0.202454031 0.539378464 2 0 3
MP1647 0.510732889 -0.175793618 0.575788796 2 0 3
MP1648 0.387709081 -0.192520663 0.548593998 2 0 3
MP1649 -0.025580399 0.151161417 0.630046606 2 0 3
MP1650 0.441168547 0.333808601 0.640284777 2 0 3
MP1652 0.616333365 0.127210110 0.953139067 2 0 3
MP1654 0.018637486 0.227425307 0.937334001 3 0 3 1
MP1655 -0.000526724 0.168177173 0.839336157 2 0 3
MP1656 0.029592786 0.147289962 1.344375014 4 0 3 1 2
MP1659 0.019316686 0.214093924 0.537130535 2 0 3
MP1660 0.306954443 0.139680773 0.354707062 3 0 3 2
MP1662 -0.034930918 0.165557668 0.267648458 2 0 3
MP1664 0.934128046 -0.324559540 1.054756403 2 0 3
MP1665 -0.117100216 -0.083634570 0.660474837 3 0 3 1
MP1666 -0.045268118 -0.033636361 0.636731923 3 0 3 1
MP1667 -0.116254576 0.004269595 0.521022737 3 0 3 2
MP1668 -0.542948902 -0.140161783 1.256294012 3 0 3 1
MP1670 -0.325927824 -0.158757538 0.749556780 4 0 3 1 2
MP1672 -0.176863864 -0.286888838 0.870464504 2 0 3
MP1673 0.475253731 -0.152236044 0.742330253 2 0 3
MP1675 0.457758814 -0.152802750 0.623741806 2 0 3
MP1676 0.370418578 -0.124376170 0.505216837 2 0 3
MP1677 0.438025504 -0.130751744 0.801346779 2 0 3
MP1678 0.074691705 -0.012911026 0.605085254 3 0 3 1
MP1679 -0.363052309 0.041230038 0.991565526 2 0 3
MP1680 0.174594671 0.267545819 0.496417552 2 0 3
MP1578 -0.106344290 -0.082874879 0.615797222 3 0 3 1
MP1579 0.037156094 0.089605421 0.821088314 4 0 3 1 2
MP1582 0.013984174 0.222992346 0.789229870 3 0 3 1
MP1584 0.017355362 0.158329219 0.386917979 2 0 3
MP1585 0.020700837 0.014752110 0.571365952 4 0 3 1 2
MP1586 0.059819408 -0.028977441 0.876216888 4 0 3 1 2
MP1587 0.222412646 0.228650257 0.420225561 2 0 3
MP1588 0.424641311 -0.180592656 1.247306824 2 0 3
MP1589 0.118392684 0.226275995 0.630953014 2 0 3
MP1591 0.470241457 0.511243939 1.112318635 2 0 3
MP1592 0.134952694 0.349502087 0.581516862 3 0 3 1
MP1593 0.035559390 0.225831747 0.769894719 2 0 3
MP1594 0.263122082 0.268880606 0.544047654 4 0 3 1 2
MP1596 -0.200683713 -0.141764477 0.556816638 2 0 3
MP1598 0.859754503 0.505707026 1.075805664 2 0 3
MP1599 0.613736987 -0.337155640 0.879833996 3 0 3 1
MP1600 0.476472825 -0.139236271 0.598227382 3 0 3 1
MP1601 -0.192464039 -0.018312793 0.551371694 3 0 3 1
MP1602 -0.118086055 -0.012676221 0.490800142 3 0 3 1
MP1603 -0.305821538 -0.309582680 0.977612555 2 0 3
MP1605 0.189505517 -0.116608411 0.309215099 2 0 3
MP1606 0.013828479 0.189058274 0.471756011 2 0 3
MP1607 0.019975379 0.046731181 0.630345106 2 0 3
MP1608 0.035230063 0.233009979 0.808043957 2 0 3
MP1610 0.294617921 0.271598816 0.722464561 2 0 3
MP1611 0.274086356 0.281307459 0.537401080 4 0 3 1 2
MP1612 0.918078661 0.523286164 1.306413174 2 0 3
MP1613 0.255457133 0.263572216 0.527976811 3 0 3 1
MP1614 -0.337386698 0.024415899 0.943102360 3 0 3 1
MP1615 -0.086339526 0.398231626 0.649833441 2 0 3
MP1616 0.059806589 -0.052273791 0.192025319 2 0 3
MP1620 0.497432858 -0.162159070 1.291020274 3 0 3 1
MP1 -0.019222958 -0.025651759 0.692390680 3 0 1 2
MP0 -0.253150851 -0.239951551 0.810846865 4 0 3 1 2
MP2 0.957080662 -0.808944166 4.149408340 3 0 3 1
MP3 0.399136603 -0.113273263 1.327023029 3 0 1 2
MP4 0.509404719 -0.156732216 1.528534651 3 0 1 2
MP5 -0.053110551 0.248861045 0.944422245 3 0 1 2
MP6 0.126867101 0.403759301 0.697955728 3 0 3 1
MP7 0.048131391 0.072000206 0.788803220 4 0 3 1 2
MP8 0.638451517 0.241071850 1.421841025 4 0 3 1 2
MP9 0.570436120 0.286046773 1.451633573 3 0 1 2
MP10 -0.374323070 -0.106753632 0.798194826 4 0 3 1 2
MP11 -0.372129411 -0.092751302 0.827202022 3 0 1 2
MP13 0.547507048 0.141189665 0.819096982 3 0 3 1
MP14 -0.149345502 -0.218895778 0.721206605 4 0 3 1 2
MP16 -0.155277163 -0.215875432 0.756974876 3 0 1 2
MP17 0.922962964 0.115556940 1.061678290 4 0 3 1 2
MP18 1.048975110 0.169134811 1.247508764 3 0 1 2
MP19 0.148230106 -0.042400733 1.323222756 4 0 3 1 2
MP20 -1.077270627 0.510932982 2.533110142 3 0 1 2
MP21 -0.549008012 0.299558848 1.416144490 3 0 1 2
MP22 -0.226630822 -0.224297568 0.750525892 3 0 1 2
MP23 -0.539294899 0.435340464 1.548824310 3 0 1 2
MP24 -0.314315498 -0.000048581 0.780142784 4 0 3 1 2
MP25 -0.307207555 0.016092250 0.777805448 4 0 3 1 2
MP26 -0.324838966 0.031918555 0.802765131 3 0 3 1
MP30 -0.300459832 0.262833953 1.475633979 3 0 1 2
MP32 0.867936850 0.487464994 1.204762936 4 0 3 1 2
MP33 0.646008313 0.425453573 1.202206373 4 0 3 1 2
MP35 0.151952073 0.338867515 1.385666490 4 0 3 1 2
MP36 0.019608913 0.019045889 0.731176257 4 0 3 1 2
MP39 -0.294539094 -0.096364394 0.633717477 3 0 1 2
MP41 0.015242782 0.202884734 1.051102161 4 0 3 1 2
MP43 -0.220929414 0.075805239 0.661521375 4 0 3 1 2
MP44 -0.286560953 -0.009233995 0.670664132 4 0 3 1 2
MP45 -0.355164260 -0.013183234 0.907307684 3 0 1 2
MP47 1.023438096 0.110481560 1.018051863 3 0 1 2
MP48 0.994332016 0.126299232 1.002018452 4 0 3 1 2
MP49 0.919976473 0.125043005 0.916679502 3 0 1 2
MP50 1.102504849 0.127676323 1.187267423 3 0 3 1
MP51 1.203146338 0.508621871 1.343329787 4 0 3 1 2
MP53 -0.083784282 -0.235905528 0.809307873 4 0 3 1 2
MP54 -0.075281426 -0.194575906 0.692804754 4 0 3 1 2
MP55 -0.084783651 -0.027594591 0.563635886 3 0 3 1
MP57 -0.112050757 0.269856572 0.737230778 4 0 3 1 2
MP60 1.065696836 0.024318356 1.102954268 4 0 3 1 2
MP63 0.846829116 0.150914222 1.085929990 4 0 3 1 2
MP64 0.803134799 0.139483348 0.992517054 3 0 1 2
MP67 1.055672169 0.284880191 1.681132317 3 0 1 2
MP68 0.661021829 0.291392505 1.436539769 4 0 3 1 2
MP69 0.636034250 0.262714207 1.363043666 4 0 3 1 2
MP70 0.641571820 0.281640291 1.356078386 4 0 3 1 2
MP74 -0.075760074 -0.030064622 0.630896509 3 0 1 2
MP76 -0.123597533 -0.070349440 0.599015236 3 0 3 1
MP78 -0.395217836 0.637129903 1.441852212 3 0 1 2
MP79 -0.516359210 0.521896958 2.090692759 3 0 1 2
MP80 0.005132366 -0.004187176 0.759160757 3 0 1 2
MP81 0.055582907 0.139649644 0.995210111 3 0 1 2
MP82 0.017109517 0.164626747 1.033839822 3 0 3 1
MP85 -0.068218552 -0.221290082 0.910206318 4 0 3 1 2
MP90 -0.252656817 -0.107324712 0.651053846 3 0 1 2
MP92 -0.290435612 -0.158388317 0.664986193 3 0 3 1
MP93 -0.340057850 -0.039596949 0.773168385 3 0 1 2
MP95 0.814115286 0.072607487 0.854234099 4 0 3 1 2
MP96 0.855584741 0.192427173 1.208394766 4 0 3 1 2
MP97 1.154831290 0.221281633 1.794155121 3 0 1 2
MP98 0.577986538 0.334963083 1.172149301 4 0 3 1 2
MP99 0.513064802 -0.262501955 1.439532995 3 0 1 2
MP100 0.215739667 0.382577538 0.701135755 3 0 1 2
MP101 0.180378735 -0.041927725 1.199984074 3 0 3 1
MP102 -0.059361376 0.255663604 1.207916617 4 0 3 1 2
MP106 1.105889082 0.344617277 1.659700394 3 0 3 1
MP107 0.704045355 0.203454316 1.280364633 4 0 3 1 2
MP108 1.275564909 0.410773337 2.287688255 3 0 3 1
MP110 0.112419084 -0.153107062 1.199130774 3 0 1 2
MP111 -0.079444572 -0.062392667 0.678138733 3 0 3 1
MP112 -0.631195664 1.627796173 3.062784672 3 0 1 2
MP114 -0.236973315 0.091810226 0.680428803 3 3 1 2
MP116 0.383018821 0.396217287 0.533791125 4 0 3 1 2
MP117 0.381748229 0.403379381 0.541688919 3 0 1 2
MP118 0.681210458 0.241668999 1.297533512 3 0 3 1
MP119 0.271402031 0.264918745 0.588973105 3 0 1 2
MP120 0.223803774 0.396665573 1.446439147 3 0 3 1
MP123 0.753253222 0.021265958 0.769623160 3 0 1 2
MP124 0.603889823 0.101835959 0.805603206 3 0 1 2
